8 12031 11.617 3.41467 0.372627 1.33356 0.666445 0.420667 ATF3
78 12031 56.89 7.15857 0.002997 1.81926 1.37083 1.08388 Ap2alpha
130 12031 104.455 10.1884 0.014985 1.53519 1.25273 1.04044 Ap2gamma
0 12031 4.339 2.13134 0.026973 0 0 0 BAF155
17 12031 21.401 4.70812 0.402597 1.30813 0.809254 0.547748 BATF
3 12031 9.397 3.0177 0.032967 0.749938 0.333167 0.187297 BCL11A
10 12031 6.98 2.57376 0.340659 5.00333 1.42893 0.833195 BCL3
5 12031 14.414 3.81486 0.004995 0.624844 0.356876 0.226951 BCLAF1
4 12031 3.793 1.99352 1 4.001 1 0.499834 Brg1
638 12031 444.239 20.9379 0.000999001 1.61578 1.46141 1.33313 CTCF
17 12031 5.936 2.40618 0.000999001 8.51061 2.83593 1.54623 CTCFL
18 12031 19.783 4.34451 0.82018 1.50075 0.94729 0.620121 Cfos
71 12031 73.098 8.66542 0.9001 1.24707 0.97244 0.778915 Cjun
201 12031 145.509 11.5891 0.000999001 1.64492 1.38311 1.19977 Cmyc
2123 12031 1622.66 35.6008 0.000999001 1.44782 1.37408 1.31111 DNase1
81 12031 59.974 7.5193 0.00699301 1.76603 1.35237 1.08054 E2F1
12 12031 25.116 4.85635 0.010989 0.74975 0.479481 0.342201 E2F4
70 12031 41.381 6.47377 0.000999001 2.42207 1.71146 1.29803 E2F6
54 12031 25.375 4.93201 0.000999001 3.18628 2.16523 1.5453 EBF1
86 12031 58.583 7.53152 0.000999001 1.91767 1.48623 1.16333 ELF1
8 12031 6.311 2.44013 0.58042 4.002 1.33356 0.666445 ETS1
143 12031 90.562 9.31703 0.000999001 1.97044 1.59597 1.31568 Egr1
2 12031 6.522 2.5962 0.0849151 1 0.333222 0.166528 FOSL1
25 12031 12.189 3.59809 0.002997 4.17326 2.08559 1.25052 FOSL2
45 12031 40.282 6.41527 0.488511 1.60942 1.12547 0.84849 FOXA1
2 12031 6.746 2.555 0.0689311 1 0.285596 0.166528 FOXA2
114 12031 78.468 8.44952 0.002997 1.81727 1.46595 1.18929 Gabp
2 12031 7.171 2.74541 0.040959 0.666611 0.285596 0.153705 Gata2
634 12031 482.479 20.306 0.000999001 1.46199 1.3329 1.23143 H2AZ
1701 12031 1412.97 33.9896 0.000999001 1.30499 1.23838 1.17572 H3K27ac
3660 12031 4827.09 51.0588 0.000999001 0.676054 0.652529 0.629978 H3K27me3
5944 12031 3837.29 48.6231 0.000999001 2.16225 2.08535 2.01062 H3K36me3
2134 12031 1551.04 36.2605 0.000999001 1.53836 1.45586 1.38372 H3K4me1
1698 12031 1338.93 30.9852 0.000999001 1.38507 1.31107 1.24784 H3K4me2
1299 12031 1028.17 28.472 0.000999001 1.37714 1.29553 1.22111 H3K4me3
1290 12031 911.33 27.3846 0.000999001 1.56397 1.46425 1.37105 H3K79me2
1087 12031 836.612 26.0121 0.000999001 1.41713 1.33006 1.24787 H3K9ac
54 12031 44.926 6.58786 0.218781 1.63923 1.2009 0.930724 H3K9me3
502 12031 374.034 18.6133 0.000999001 1.51093 1.3609 1.22488 H4K20me1
12 12031 23.425 4.7717 0.010989 0.7998 0.521262 0.363001 H4K5ac
17 12031 18.514 4.43119 0.836164 1.54623 0.944366 0.606587 HDAC2
92 12031 78.203 8.67681 0.134865 1.51211 1.18087 0.958012 HEY1
35 12031 26.878 5.02418 0.140859 2.06191 1.29716 0.945788 HNF4A
4 12031 7.047 2.74122 0.362637 2.00033 0.571286 0.307462 IRF4
27 12031 56.021 7.26783 0.000999001 0.642054 0.480978 0.378888 Ini1
0 12031 4.027 1.9365 0.032967 0 0 0 Junb
79 12031 68.499 8.51308 0.246753 1.49381 1.16283 0.918067 Jund
13 12031 12.576 3.52259 0.936064 2.16793 1.08342 0.649621 MEF2A
403 12031 240.102 14.5869 0.000999001 1.93217 1.70271 1.51541 Max
7 12031 6.3 2.46091 0.874126 3.50146 1.16676 0.583091 NFKB
10 12031 4.395 2.07057 0.024975 10.0075 2.50125 1.1112 Nrf1
37 12031 48.241 6.89235 0.120879 1.05732 0.770126 0.586028 Nrsf
8 12031 9.89 3.13716 0.698302 1.6004 0.799867 0.499667 POU2F2
22 12031 29.333 5.43393 0.198801 1.15818 0.758178 0.535736 PU1
6 12031 9.049 3.06366 0.402597 1.50025 0.6665 0.374688 Pax5
7 12031 5.841 2.34888 0.692308 3.50146 1.16676 0.636152 Pbx3
1307 12031 853.26 26.4635 0.000999001 1.7087 1.59711 1.49476 PolII
2 12031 4.668 2.18965 0.312687 2.00017 0.499917 0.222093 RXRA
324 12031 236.87 15.1165 0.000999001 1.56547 1.37725 1.21474 Rad21
12 12031 12.44 3.54499 1 2.001 1 0.599601 SIX5
85 12031 65.103 7.96981 0.014985 1.70498 1.30988 1.04973 SP1
5 12031 4.617 2.09492 0.972028 5.00166 1.2501 0.555371 SP2
48 12031 56.083 7.24186 0.294705 1.14343 0.856571 0.684455 Sin3Ak20
12 12031 13.992 3.64379 0.688312 1.715 0.857 0.545001 Srf
291 12031 207.058 13.8318 0.000999001 1.6228 1.41586 1.2442 TAF1
94 12031 66.753 8.10714 0.002997 1.81405 1.40616 1.13357 TAF7
7 12031 4.942 2.27416 0.428571 7.00349 1.40023 0.699825 THAP1
22 12031 21.386 4.52299 0.942058 1.69358 1.04771 0.709146 Tcf12
33 12031 22.17 4.58412 0.022977 2.36088 1.50138 1.06469 Tr4
102 12031 66.497 8.10282 0.000999001 1.96976 1.55012 1.24599 USF1
211 12031 135.452 11.6255 0.000999001 1.86607 1.57301 1.32444 Yy1
9 12031 5.191 2.22429 0.156843 9.00599 1.8006 0.899925 ZBTB33
4 12031 19.832 4.49444 0.000999001 0.333112 0.199734 0.133045 ZBTB7A
7 12031 3.985 2.02556 0.226773 7.00349 1.75044 0.874927 ZEB1
15 12031 21.028 4.63213 0.222777 1.25031 0.713929 0.483227 p300
