ENSG00000237438.1 22 17517460 17517460 + 4505 -72 rs3016112 22 17517388 17517388 443 387.712 1.01169 512.734 4.41278e-09 -0.41131 0.000999001 1.81676e-05
ENSG00000177663.8 22 17565844 17565844 + 4575 362 rs2270241 22 17566206 17566206 443 371.099 1.03482 453.514 5.07088e-05 -0.279877 0.0789211 0.0817984
ENSG00000069998.8 22 17646177 17646177 - 4675 4345 rs34347930 22 17641831 17641832 443 373.987 1.07246 465.982 7.7297e-06 -0.164908 0.00999001 0.013302
ENSG00000093072.10 22 17739125 17739125 - 4732 39495 rs5747027 22 17699630 17699630 443 374.095 1.01693 465.061 0.000889696 0.14099 0.652348 0.643942
ENSG00000131100.8 22 18111584 18111584 - 4755 36321 rs3532 22 18075263 18075263 443 373.587 1.06511 523.643 7.03579e-05 -0.242758 0.103896 0.10932
ENSG00000099968.13 22 18111621 18111621 + 4755 46220 rs10537282 22 18157841 18157843 443 390.437 1.0206 619.51 5.26281e-06 0.209213 0.014985 0.0106481
ENSG00000015475.14 22 18257536 18257536 - 4835 -26380 rs5992106 22 18283916 18283916 443 386.035 1.03501 605.092 0.000145784 -0.161018 0.206793 0.197507
ENSG00000093100.12 22 18507325 18507325 - 4648 47023 rs34483330 22 18460302 18460302 443 376.139 1.02288 466.539 6.30596e-07 -0.263687 0.002997 0.00177718
ENSG00000243156.2 22 18507325 18507325 - 4648 23937 rs4819654 22 18483388 18483388 443 373.338 1.03212 450.021 1.47007e-10 0.320787 0.000999001 1.17364e-06
ENSG00000215193.5 22 18560689 18560689 + 4605 13672 rs362226 22 18574361 18574361 443 380.022 1.04971 526.656 0.000456794 0.266142 0.455544 0.436435
ENSG00000183785.9 22 18593097 18593097 + 4663 -685359 rs61298845 22 17907738 17907738 443 369.044 1.07166 431.443 0.0021272 -0.204384 0.878122 0.873738
ENSG00000184979.8 22 18632666 18632666 + 4629 943770 rs112944827 22 19576436 19576436 443 383.688 0.993369 534.653 0.00255499 0.268083 0.932068 0.93212
ENSG00000183628.7 22 18893541 18893541 + 4430 190011 rs2854659 22 19083552 19083552 443 382.964 1.01076 465.005 0.0024637 -0.176395 0.896104 0.89524
ENSG00000100033.11 22 18924066 18924066 - 4416 2044 rs3788288 22 18922022 18922022 443 374.008 1.04036 426.211 9.54736e-07 0.257969 0.002997 0.00221712
ENSG00000070413.12 22 19109967 19109967 - 4178 -7300 rs8139221 22 19117267 19117267 443 371.272 1.0553 394.116 1.42641e-05 0.212635 0.014985 0.0221333
ENSG00000206203.3 22 19118321 19118321 + 4169 568473 rs71312711 22 19686794 19686794 443 383.753 1.07362 483.78 7.18815e-05 0.230514 0.0829171 0.0827772
ENSG00000100056.7 22 19132197 19132197 - 4140 -128 rs737923 22 19132325 19132325 443 373.641 1.02434 403.349 5.49874e-07 0.223201 0.002997 0.00145104
ENSG00000100075.5 22 19166343 19166343 - 4170 5444 rs5746671 22 19160899 19160899 443 391.075 1.02862 508.84 1.77352e-14 -0.227179 0.000999001 1.58934e-10
ENSG00000185608.4 22 19419425 19419425 + 3957 -115391 rs5746718 22 19304034 19304034 443 370.569 1.01993 388.448 9.23925e-05 0.116419 0.11988 0.12093
ENSG00000100084.9 22 19435224 19435224 - 3929 -437711 rs73148965 22 19872935 19872935 443 371.056 1.091 404.055 0.00227273 0.208201 0.866134 0.860556
ENSG00000185065.6 22 19435416 19435416 + 3929 5181 rs75637138 22 19440597 19440597 443 368.049 1.08214 384.956 1.63646e-31 -0.795401 0.000999001 8.67965e-26
ENSG00000242259.3 22 19435755 19435755 - 3929 418709 rs4078544 22 19017046 19017046 443 393.617 1.00255 520.564 6.51291e-05 0.263928 0.0909091 0.0827647
ENSG00000070010.12 22 19466738 19466738 - 3759 596582 rs2870968 22 18870156 18870156 443 374.582 1.03669 395.309 2.02805e-06 0.195317 0.003996 0.00400667
ENSG00000093009.5 22 19466982 19466982 + 3761 232199 rs35682118 22 19699181 19699181 443 377.34 1.07001 436.781 0.00118935 0.153265 0.678322 0.676386
ENSG00000184702.12 22 19701987 19701987 + 3349 391139 rs443678 22 20093126 20093126 443 374.657 1.0494 373.39 0.000364593 0.219222 0.2997 0.300907
ENSG00000215012.4 22 19842419 19842419 - 3558 12979 rs11089314 22 19829440 19829440 443 360.889 1.12387 342.751 1.28939e-05 -0.301595 0.014985 0.0169643
ENSG00000185838.9 22 19842462 19842462 - 3558 -155924 rs8135174 22 19998386 19998386 443 387.236 1.03823 428.207 0.000694061 -0.187746 0.471528 0.460042
ENSG00000093010.7 22 19929130 19929130 + 3511 -1984 rs5748489 22 19927146 19927146 443 369.26 1.08059 335.281 4.81598e-11 0.314509 0.000999001 1.97936e-07
ENSG00000184470.13 22 19929359 19929359 - 3512 -15201 rs165767 22 19944560 19944560 443 375.079 1.06168 360.625 0.000455392 0.214331 0.344655 0.335799
ENSG00000099889.9 22 20004331 20004331 - 3543 -828161 rs68060846 22 20832492 20832493 443 381.103 1.04121 384.066 0.000566301 0.282044 0.396603 0.393574
ENSG00000183597.11 22 20004537 20004537 + 3544 356319 rs3962691 22 20360856 20360856 443 368.936 1.06637 348.789 0.000738216 -0.180605 0.501499 0.483651
ENSG00000128191.9 22 20067755 20067755 + 3529 788664 rs201449145 22 20856419 20856420 443 357.125 1.09763 321.154 0.00140599 -0.335219 0.716284 0.701537
ENSG00000099901.11 22 20103461 20103461 + 3469 125081 rs701428 22 20228542 20228542 443 368.027 1.08923 388.453 0.00374258 -0.0874244 0.949051 0.952289
ENSG00000099899.9 22 20104915 20104915 - 3467 -139808 rs9606297 22 20244723 20244723 443 342.687 1.12027 262.567 0.00148914 -0.241498 0.715285 0.704137
ENSG00000099904.11 22 20116979 20116979 + 3459 -412262 rs565201966 22 19704717 19704717 443 374.484 1.05635 383.629 0.000440269 0.218756 0.351648 0.350299
ENSG00000040608.9 22 20270769 20270769 - 3467 35952 rs887765 22 20234817 20234817 443 385.332 0.998091 394.18 3.54848e-06 -0.201498 0.00899101 0.00609737
ENSG00000128185.5 22 20307603 20307603 - 3480 13978 rs2904577 22 20293625 20293625 443 405.005 0.977419 502.429 2.90187e-06 -0.168947 0.00599401 0.00443953
ENSG00000183038.9 22 20368028 20368028 - 3521 190383 rs5992519 22 20177645 20177645 443 367.919 1.04408 361.506 0.00149433 0.153408 0.753247 0.732674
ENSG00000235704.1 22 20377669 20377669 + 3528 109245 rs371437107 22 20486914 20486914 443 384.305 1.04708 399.737 9.61787e-23 -0.335763 0.000999001 3.975e-18
ENSG00000206176.5 22 20378814 20378814 + 3528 123957 rs1659630 22 20502771 20502771 443 375.847 1.04828 406.89 2.09099e-21 -0.377547 0.000999001 1.59503e-16
ENSG00000196622.5 22 20461786 20461786 - 3608 -994332 rs34563190 22 21456118 21456119 443 360.478 1.0752 354.504 0.0026366 -0.147891 0.896104 0.894459
ENSG00000161133.12 22 20745048 20745048 - 3251 -879859 rs587922 22 21624907 21624907 443 394.59 1.07171 492.996 0.00468542 -0.252432 0.97003 0.97322
ENSG00000185252.13 22 20748405 20748405 + 3250 6836 rs4599229 22 20755241 20755241 443 406.26 0.944283 474.089 5.85063e-05 0.197168 0.0739261 0.065874
ENSG00000244486.2 22 20792146 20792146 - 3186 -47729 rs4564890 22 20839875 20839875 443 387.733 1.02969 439.381 0.000681666 -0.444439 0.46953 0.465088
ENSG00000099910.12 22 20850170 20850170 - 3147 689399 rs175192 22 20160771 20160771 443 371.694 0.999853 348.063 0.00174427 0.195408 0.764236 0.764027
ENSG00000099917.12 22 20850200 20850200 + 3146 -912667 rs5993882 22 19937533 19937533 443 395.564 1.01763 450.57 0.00049283 -0.189803 0.350649 0.352358
ENSG00000226287.3 22 21055220 21055220 + 2959 -552449 rs1659630 22 20502771 20502771 443 398.873 1.01331 452.735 2.51151e-13 -0.316681 0.000999001 1.31344e-09
ENSG00000099937.6 22 21128167 21128167 + 2956 409539 rs9754324 22 21537706 21537706 443 383.591 1.01964 376.384 0.000284074 0.174005 0.228771 0.232826
ENSG00000099940.6 22 21213271 21213271 + 2786 -161555 rs373121581 22 21051716 21051716 443 380.887 1.02901 353.085 1.99374e-09 0.530329 0.000999001 6.67036e-06
ENSG00000241973.6 22 21213705 21213705 - 2787 828503 rs371888151 22 20385202 20385202 443 384.607 1.0103 360.763 0.000555537 -0.145558 0.382617 0.368945
ENSG00000099942.8 22 21271714 21271714 + 2790 -430042 rs35035626 22 20841671 20841672 443 383.753 0.970715 340.215 0.000422688 0.113924 0.326673 0.31054
ENSG00000237476.1 22 21311380 21311380 + 2773 -320 rs46455 22 21311060 21311060 443 386.37 1.04631 373.078 7.50339e-05 0.222139 0.0619381 0.0679628
ENSG00000183773.10 22 21319396 21319396 + 2780 269027 rs201171845 22 21588423 21588424 443 363.734 1.06698 289.767 0.000431583 -0.258322 0.311688 0.307942
ENSG00000099949.13 22 21322090 21322090 + 2772 -859541 rs375703269 22 20462549 20462549 443 389.388 1.03574 386.903 0.00869967 0.128611 0.993007 0.995177
ENSG00000184436.7 22 21356485 21356485 - 2784 5605 rs178295 22 21350880 21350880 443 381.85 1.00291 318.662 0.000639239 -0.120609 0.385614 0.383886
ENSG00000133475.12 22 21581926 21581926 - 3658 -701354 rs74576380 22 22283280 22283280 443 365.94 1.0768 316.45 0.00017605 -0.261506 0.153846 0.159099
ENSG00000196934.2 22 21737663 21737663 + 4150 954252 rs55752171 22 22691915 22691915 443 379.546 1.02471 387.471 2.81071e-05 0.160775 0.036963 0.036796
ENSG00000169635.5 22 21771693 21771693 + 4196 455018 rs141161973 22 22226711 22226715 443 373.435 1.03676 357.903 0.0017969 0.165327 0.763237 0.762939
ENSG00000206140.5 22 21820712 21820712 + 4218 -98187 rs72617216 22 21722525 21722525 443 393.173 1.00509 446.363 3.6089e-13 -0.38351 0.000999001 3.02078e-09
ENSG00000185651.10 22 21903736 21903736 + 4332 454495 rs6000510 22 22358231 22358231 443 374.603 1.02619 363.027 0.000134458 -0.271493 0.135864 0.141092
ENSG00000183246.6 22 21905750 21905750 - 4333 -786165 rs55752171 22 22691915 22691915 443 386.208 1.0328 452.581 1.48723e-05 0.165908 0.016983 0.02057
ENSG00000161179.9 22 21984353 21984353 - 4421 -99378 rs35544773 22 22083731 22083732 443 350.463 1.08605 313.419 0.00139878 0.107094 0.736264 0.726769
ENSG00000128228.4 22 21996550 21996550 + 4434 -352204 rs78164537 22 21644346 21644346 443 370.104 1.01019 350.12 0.00294774 0.143826 0.899101 0.899227
ENSG00000100023.12 22 22006559 22006559 + 4441 -777920 rs13058623 22 21228639 21228639 443 366.859 1.1057 386.21 0.000181405 0.228646 0.176823 0.184025
ENSG00000100027.10 22 22090123 22090123 - 4643 -177157 rs113109654 22 22267280 22267280 443 373.879 1.05016 417.355 0.000559589 -0.217138 0.45954 0.447334
ENSG00000100030.9 22 22221970 22221970 - 4842 41003 rs143016569 22 22180964 22180967 443 389.583 1.03763 512.556 1.51142e-05 -0.282281 0.021978 0.0215094
ENSG00000100034.8 22 22307209 22307209 - 4915 200591 rs5749806 22 22106618 22106618 443 367.097 1.02883 405.62 0.00018329 -0.188395 0.231768 0.223405
ENSG00000100038.14 22 22337213 22337213 - 4907 -863314 rs34128201 22 23200527 23200527 443 377.394 1.04502 460.092 9.36685e-05 0.312902 0.118881 0.119928
ENSG00000234630.1 22 22648098 22648098 + 5144 -916185 rs5753240 22 21731913 21731913 443 357.558 1.09078 333.427 0.0013172 -0.195213 0.7003 0.695844
ENSG00000198477.3 22 22863505 22863505 - 5925 -881372 rs531096284 22 23744877 23744877 443 359.234 1.07169 372.076 0.000351673 -0.205236 0.350649 0.347822
ENSG00000185686.13 22 22901768 22901768 - 6078 4653 rs2266983 22 22897115 22897115 443 362.804 1.07276 391.493 1.06569e-07 -0.260021 0.000999001 0.00033395
ENSG00000100121.8 22 22988780 22988780 + 6183 -702793 rs5995257 22 22285987 22285987 443 354.887 1.04889 370.305 0.00058767 -0.162387 0.522478 0.517588
ENSG00000254709.1 22 23229960 23229960 + 6411 15213 rs457529 22 23245173 23245173 443 366.286 0.985529 424.609 0.00189479 0.17511 0.876124 0.870142
ENSG00000100218.7 22 23487208 23487208 - 6462 29788 rs2157709 22 23457420 23457420 443 381.287 0.965413 500.737 4.87766e-06 -0.251494 0.00799201 0.0132252
ENSG00000100228.7 22 23487513 23487513 + 6458 -611083 rs9620107 22 22876430 22876430 443 390.469 0.985975 554.071 0.000156796 0.319277 0.197802 0.198684
ENSG00000186716.14 22 23521891 23521891 + 6258 -2707 rs7289172 22 23519184 23519184 443 358.488 1.04523 417.212 1.02967e-06 -0.285147 0.003996 0.00355133
ENSG00000128322.6 22 23922495 23922495 - 5070 -248501 rs2186369 22 24170996 24170996 443 354.097 1.0399 314.82 0.000313619 -0.253749 0.313686 0.312284
ENSG00000159496.9 22 24030323 24030323 + 4869 -26731 rs35124910 22 24003591 24003592 443 376.961 0.951048 349.318 0.000182628 0.203365 0.201798 0.196135
ENSG00000187792.3 22 24093279 24093279 - 4789 460358 rs7364231 22 23632921 23632921 443 379.968 0.949947 369.222 0.000911112 0.169783 0.566434 0.568864
ENSG00000128218.7 22 24096655 24096655 - 4793 2440 rs5759991 22 24094215 24094215 443 377.069 1.00901 402.055 2.65393e-08 0.255292 0.000999001 0.000105958
ENSG00000169314.9 22 24105208 24105208 + 4741 -697090 rs9608071 22 23408118 23408118 443 383.656 0.979919 389.619 0.00951458 -0.171075 0.998002 0.998103
ENSG00000099953.5 22 24110413 24110413 + 4681 49911 rs375307388 22 24160324 24160336 443 378.345 0.975494 370.924 0.000102029 -0.292507 0.131868 0.1226
ENSG00000250479.3 22 24110630 24110630 - 4679 13847 rs1076123 22 24096783 24096783 443 359.981 1.09739 328.067 6.3701e-05 -0.156979 0.0699301 0.0747118
ENSG00000099956.12 22 24129150 24129150 + 4662 28387 rs35370296 22 24157537 24157537 443 373.111 1.0605 357.078 1.45042e-06 -0.328871 0.000999001 0.00242056
ENSG00000099958.10 22 24181315 24181315 - 4734 67771 rs131451 22 24113544 24113544 443 362.284 1.04128 307.901 0.000259825 -0.209684 0.251748 0.238005
ENSG00000133460.13 22 24198890 24198890 + 4764 -7876 rs6003922 22 24191014 24191014 443 373.781 1.0235 340.258 0.000260694 0.242774 0.232767 0.227793
ENSG00000240972.1 22 24236191 24236191 + 4829 -940866 rs414392 22 23295325 23295325 443 366.448 1.03619 331.003 0.00142766 -0.108902 0.707293 0.696095
ENSG00000218537.1 22 24241117 24241117 - 4821 979565 rs738893 22 23261552 23261552 443 348.354 1.03168 266.484 0.000268102 -0.0874831 0.286713 0.266108
ENSG00000133433.6 22 24303373 24303373 - 4769 36419 rs5751776 22 24266954 24266954 443 354.13 1.0384 273.352 3.06663e-22 -0.5491 0.000999001 3.10762e-16
ENSG00000099974.7 22 24309089 24309089 + 4777 4917 rs1006771 22 24314006 24314006 443 382.401 1.04125 411.063 5.10627e-08 -0.148506 0.000999001 0.00011785
ENSG00000099984.6 22 24322339 24322339 + 4804 -55385 rs5751776 22 24266954 24266954 443 385.181 0.988478 385.258 8.55848e-22 -0.543464 0.000999001 2.20557e-16
ENSG00000099977.9 22 24322660 24322660 - 4805 79687 rs4820571 22 24242973 24242973 443 373.673 1.01936 361.247 0.000112982 -0.133323 0.128871 0.125959
ENSG00000184674.7 22 24384680 24384680 - 4752 17837 rs114323341 22 24366843 24366843 443 357.19 1.03075 287.176 4.51644e-60 -0.804358 0.000999001 1.0109e-47
ENSG00000099991.11 22 24407642 24407642 + 4787 -761620 rs73152671 22 23646022 23646022 443 359.667 1.04642 316.357 0.000472669 -0.23607 0.393606 0.381896
ENSG00000100014.13 22 24666786 24666786 + 4878 582950 rs558179730 22 25249736 25249743 443 391.789 1.0171 519.904 0.00150002 -0.211948 0.771229 0.76562
ENSG00000128271.12 22 24813847 24813847 + 4841 840967 rs4822593 22 25654814 25654814 443 374.69 0.958008 367.595 0.00100566 0.220984 0.619381 0.619089
ENSG00000100024.9 22 24863206 24863206 + 4651 -672180 rs13058278 22 24191026 24191026 443 394.947 0.939559 460.783 0.000260512 0.119845 0.270729 0.255982
ENSG00000178803.6 22 24891042 24891042 - 4564 -919929 rs133274 22 25810971 25810971 443 359.105 1.0664 318.158 0.000534811 -0.211422 0.416583 0.409029
ENSG00000100028.7 22 24951471 24951471 + 4577 -744179 rs534921518 22 24207291 24207292 443 372.862 1.00772 348.635 0.0102284 -0.134834 0.997003 0.998475
ENSG00000138867.12 22 24951903 24951903 - 4577 -968044 rs141939198 22 25919947 25919947 443 369.823 1.03798 357.99 0.000306814 0.207506 0.281718 0.277745
ENSG00000100031.14 22 24979718 24979718 + 4539 6632 rs6004189 22 24986350 24986350 443 380.552 1.01665 381.037 1.75988e-08 -0.389801 0.000999001 5.72515e-05
ENSG00000178026.8 22 24989175 24989175 - 4508 -3778 rs199837761 22 24992953 24992954 443 369.293 1.05611 354.302 2.03218e-06 -0.219676 0.003996 0.00371169
ENSG00000197077.7 22 25421600 25421600 + 4110 39511 rs543000505 22 25461111 25461111 443 385.321 1.02106 408.164 0.000571072 -0.220294 0.415584 0.405351
ENSG00000244752.2 22 25615489 25615489 + 4196 237339 rs57438964 22 25852828 25852828 443 381.979 1.04323 440.322 6.90989e-19 0.48887 0.000999001 1.98735e-14
ENSG00000100068.7 22 25801344 25801344 - 4559 2147 rs35140933 22 25799196 25799197 443 384.034 1.0245 480.205 2.71204e-05 0.290317 0.044955 0.040268
ENSG00000100077.7 22 25960816 25960816 + 4675 -43144 rs5752170 22 25917672 25917672 443 381.298 1.01215 485.902 0.00104104 -0.116016 0.677323 0.676378
ENSG00000133454.11 22 26138111 26138111 + 4574 993103 rs35663082 22 27131214 27131214 443 398.159 1.01841 632.026 0.00402269 -0.136364 0.98002 0.98197
ENSG00000128203.6 22 26825239 26825239 + 4428 140779 rs11704297 22 26966018 26966018 443 384.023 1.02091 534.274 2.74576e-06 0.187783 0.00599401 0.00603408
ENSG00000100099.14 22 26879820 26879820 - 4423 756941 rs34169246 22 26122879 26122879 443 369.055 1.07939 499.679 0.000852359 -0.191779 0.659341 0.657851
ENSG00000100104.7 22 26879843 26879843 + 4423 850266 rs572159 22 27730109 27730109 443 382.228 1.00765 574.369 0.00139643 0.155262 0.825175 0.81974
ENSG00000100109.11 22 26908471 26908471 - 4503 -323402 rs11365253 22 27231873 27231874 443 374.16 1.03893 509.339 3.44581e-05 -0.27598 0.0559441 0.0615545
ENSG00000260065.1 22 26921002 26921002 - 4478 -723 rs4275 22 26921725 26921725 443 359.17 1.11717 478.344 2.63431e-64 0.74889 0.000999001 1.46611e-55
ENSG00000128294.10 22 26992681 26992681 - 4510 33997 rs7291557 22 26958684 26958684 443 378.529 1.05913 540.389 0.000591348 -0.177676 0.547453 0.527339
ENSG00000225783.2 22 27042392 27042392 + 4632 178973 rs34708413 22 27221365 27221365 443 389.031 0.994083 585.668 0.000909132 -0.165282 0.665335 0.670484
ENSG00000206028.1 22 27068617 27068617 - 4708 -75757 rs5761724 22 27144374 27144374 443 381.266 1.0117 596.111 0.0006043 -0.167586 0.577423 0.577457
ENSG00000244625.1 22 27068730 27068730 + 4709 -493766 rs62224242 22 26574964 26574964 443 395.261 0.991709 665.665 0.000117065 -0.264656 0.168831 0.169918
ENSG00000235954.2 22 28315364 28315364 + 3108 809 rs2267128 22 28316173 28316173 443 356.379 1.06126 324.194 0.000126334 0.382284 0.157842 0.151803
ENSG00000180957.12 22 28316122 28316122 - 3108 682827 rs61165588 22 27633294 27633295 443 374.679 1.01702 339.665 0.00116223 -0.17675 0.624376 0.609281
ENSG00000100154.10 22 29075853 29075853 - 2348 61250 rs8142681 22 29014603 29014603 443 350.636 1.03785 153.086 1.44812e-17 0.567065 0.000999001 1.81512e-12
ENSG00000100209.5 22 29138019 29138019 + 2300 -967296 rs384770 22 28170723 28170723 443 355.492 1.07215 163.61 0.00392239 -0.0990175 0.785215 0.778173
ENSG00000183765.14 22 29138410 29138410 - 2301 44058 rs12170705 22 29094352 29094352 443 389.972 0.948551 206.97 0.00081693 0.160446 0.315684 0.319681
ENSG00000159873.5 22 29168662 29168662 + 2300 523826 rs140065 22 29692488 29692488 443 374.171 0.988823 167.196 0.000605332 0.142669 0.252747 0.242983
ENSG00000100219.10 22 29196585 29196585 - 2306 -108476 rs7364229 22 29305061 29305061 443 360.403 1.0222 141.544 0.00041249 0.147597 0.171828 0.176912
ENSG00000183579.10 22 29279580 29279580 + 2388 -874415 rs16985863 22 28405165 28405165 443 368.655 1.0214 153.082 0.00251272 -0.401643 0.59041 0.582798
ENSG00000183762.8 22 29469066 29469066 + 2457 87673 rs132304 22 29556739 29556739 443 361.225 0.964837 134.193 0.000635321 0.24371 0.261738 0.255142
ENSG00000186998.11 22 29601840 29601840 + 2559 -160489 rs59285656 22 29441350 29441351 443 356.044 1.01673 130.239 0.000797428 -0.13518 0.28971 0.284202
ENSG00000182944.13 22 29663998 29663998 + 2599 385434 rs57099430 22 30049432 30049433 443 345.802 1.08787 135.11 2.9339e-05 0.219315 0.023976 0.0209875
ENSG00000100263.9 22 29664198 29664198 - 2599 -5450 rs4820803 22 29669648 29669648 443 365.345 0.996969 163.663 0.00035424 0.121578 0.183816 0.176947
ENSG00000100280.12 22 29819168 29819168 - 2770 787053 rs71316851 22 29032115 29032115 443 373.965 0.9737 181.453 0.00673746 -0.0912117 0.911089 0.907842
ENSG00000100285.8 22 29876181 29876181 + 2896 85949 rs11369607 22 29962130 29962130 443 367.995 1.02746 190.782 0.00212484 0.209512 0.608392 0.612078
ENSG00000100296.9 22 29951205 29951205 - 3010 38320 rs12161054 22 29912885 29912885 443 335.094 1.10984 150.745 0.00798405 0.172909 0.957043 0.950293
ENSG00000184117.7 22 29977326 29977326 - 3029 -96633 rs3842713 22 30073959 30073959 443 354.13 1.02192 175.316 1.65691e-10 0.301233 0.000999001 1.44888e-06
ENSG00000186575.12 22 29999545 29999545 + 3040 -180539 rs3044108 22 29819004 29819006 443 390.989 0.988958 237.627 0.000500283 -0.178801 0.227772 0.230514
ENSG00000100314.3 22 30116073 30116073 + 3178 -49729 rs2857647 22 30066344 30066344 443 345.65 1.0484 158.616 0.00248611 -0.110704 0.68032 0.680645
ENSG00000100319.11 22 30163000 30163000 - 3169 96656 rs2857647 22 30066344 30066344 443 353.6 1.08104 183.421 0.000550744 -0.179138 0.277722 0.27473
ENSG00000184076.9 22 30163352 30163352 + 3170 -33039 rs140106 22 30130313 30130313 443 359.937 1.06799 201.019 1.98631e-05 -0.194862 0.00899101 0.0180194
ENSG00000100325.10 22 30234271 30234271 - 3217 -272101 rs10712471 22 30506372 30506373 443 344.753 1.02452 165.475 0.000297864 0.224787 0.215784 0.199914
ENSG00000100330.10 22 30279144 30279144 + 3247 65644 rs35433786 22 30344788 30344788 443 345.402 1.06813 171.613 0.00485614 -0.181187 0.884116 0.879451
ENSG00000128342.4 22 30642840 30642840 - 3157 925124 rs5763138 22 29717716 29717716 443 362.576 1.04636 196.126 0.00185267 -0.17678 0.598402 0.595441
ENSG00000099985.3 22 30662829 30662829 - 3142 -286991 rs8142452 22 30949820 30949820 443 377.859 0.999579 221.373 0.000376971 -0.183808 0.203796 0.203269
ENSG00000239282.3 22 30685616 30685616 - 3169 -869148 rs76873698 22 31554764 31554764 443 354.681 1.03135 176.215 0.00260459 0.410749 0.689311 0.70157
ENSG00000248751.2 22 30695471 30695471 - 3166 -153233 rs71328853 22 30848704 30848704 443 354.681 0.998057 166.584 0.00871717 -0.189615 0.961039 0.95882
ENSG00000099992.11 22 30723035 30723035 - 3172 476184 rs71324788 22 30246851 30246851 443 375.49 1.00103 208.906 0.000429316 0.233462 0.218781 0.21954
ENSG00000187860.6 22 30752624 30752624 + 3177 -946195 rs145639056 22 29806429 29806429 443 346.775 0.998908 144.73 0.00313773 -0.36718 0.73027 0.7291
ENSG00000099995.12 22 30752936 30752936 - 3177 815668 rs737981 22 29937268 29937268 443 360.716 0.977489 174.753 0.00258667 0.104231 0.689311 0.692256
ENSG00000100003.12 22 30792846 30792846 + 3140 14885 rs563299077 22 30807731 30807731 443 351.815 1.04478 173.638 0.00109965 0.24569 0.453546 0.447235
ENSG00000249590.3 22 30805244 30805244 + 3130 371885 rs571262411 22 31177129 31177130 443 350.853 1.0727 175.044 0.0103701 0.167833 0.973027 0.978543
ENSG00000099999.9 22 30817760 30817760 - 3099 933483 rs165743 22 29884277 29884277 443 363.561 1.00705 185.915 0.00228828 -0.219959 0.657343 0.653647
ENSG00000242114.1 22 30821518 30821518 + 3097 610871 rs9609197 22 31432389 31432389 443 340.773 1.01582 144.834 0.000716903 -0.218514 0.345654 0.346298
ENSG00000185339.4 22 31002825 31002825 + 2893 6995 rs5753236 22 31009820 31009820 443 369.066 1.01299 184.067 2.19362e-07 -0.233456 0.000999001 0.000372384
ENSG00000100029.12 22 31003070 31003070 - 2893 -982725 rs536921651 22 31985795 31985795 443 355.536 1.02366 165.692 0.00350284 -0.242042 0.768232 0.765524
ENSG00000100036.11 22 31031639 31031639 + 2891 -5872 rs34733171 22 31025766 31025767 443 362.317 1.04038 185.817 0.000218635 -0.181762 0.132867 0.130122
ENSG00000167065.9 22 31063877 31063877 - 2858 72 rs34597012 22 31063804 31063805 443 356.358 1.04041 173.618 2.66361e-07 -0.263107 0.000999001 0.000500308
ENSG00000184792.11 22 31089769 31089769 + 2826 714969 rs66474618 22 31804738 31804744 443 353.47 1.00259 144.817 0.000780092 -0.190712 0.330669 0.322139
ENSG00000133422.7 22 31364284 31364284 - 2676 -33743 rs11407753 22 31398027 31398027 443 363.225 1.03093 175.317 0.00274009 -0.151111 0.683317 0.679428
ENSG00000253352.3 22 31366663 31366663 + 2676 -689812 rs4823084 22 30676851 30676851 443 371.932 1.03178 198.407 0.000686404 0.153491 0.301698 0.295404
ENSG00000183963.12 22 31460091 31460091 + 2643 2211 rs55911547 22 31462302 31462302 443 359.029 1.02761 175.109 0.00268969 -0.252344 0.706294 0.692164
ENSG00000198832.6 22 31516055 31516055 - 2620 8717 rs11703403 22 31507338 31507338 443 360.511 1.03661 168.911 1.05466e-07 0.182076 0.001998 0.000199347
ENSG00000185133.9 22 31518717 31518717 + 2622 -609820 rs10775713 22 30908897 30908897 443 351.372 1.0764 158.689 8.80677e-05 -0.264997 0.0589411 0.0581408
ENSG00000138942.9 22 31556168 31556168 + 2634 78607 rs59473370 22 31634775 31634775 443 367.065 1.08027 192.118 0.00240512 -0.20885 0.652348 0.63627
ENSG00000182541.12 22 31608225 31608225 + 2762 -495148 rs71328866 22 31113077 31113077 443 368.936 1.05814 200.675 0.00481437 0.181833 0.852148 0.85685
ENSG00000100100.7 22 31688520 31688520 - 2841 244722 rs12484314 22 31443798 31443798 443 358.153 1.05688 174.703 0.00203203 0.190326 0.607393 0.59621
ENSG00000100105.13 22 31742218 31742218 - 3056 990414 rs573052336 22 30751804 30751804 443 364.091 1.03244 192.562 0.00202494 0.0999279 0.612388 0.615609
ENSG00000213888.2 22 31742875 31742875 + 3058 571563 rs566242210 22 32314438 32314439 443 364.718 1.0379 194.75 0.000138645 0.210533 0.0909091 0.0910848
ENSG00000185721.6 22 31795509 31795509 + 3073 964156 rs5754024 22 32759665 32759665 443 348.473 1.0355 171.653 0.000453361 -0.306891 0.255744 0.259402
ENSG00000198089.9 22 31884674 31884674 + 3098 695796 rs111858877 22 32580470 32580470 443 365.345 1.04318 215.714 0.0113088 -0.161331 0.989011 0.989737
ENSG00000184708.11 22 31892094 31892094 - 3108 620560 rs9609139 22 31271534 31271534 443 342.341 1.08792 170.726 0.0016312 -0.203804 0.583417 0.579978
ENSG00000241878.4 22 32058418 32058418 - 3235 -890008 rs58033264 22 32948426 32948426 443 350.723 1.08013 207.251 0.00136657 0.190545 0.585415 0.563
ENSG00000183530.9 22 32146126 32146126 - 3245 -803978 rs2710381 22 32950104 32950104 443 361.333 1.03495 239.473 0.00396736 -0.182552 0.88012 0.886417
ENSG00000100150.10 22 32149944 32149944 + 3255 710848 rs9609562 22 32860792 32860792 443 362.436 1.05465 247.906 0.000238048 -0.260969 0.188811 0.177352
ENSG00000128245.9 22 32340447 32340447 + 3344 20314 rs138941487 22 32360761 32360761 443 378.043 0.971728 266.703 5.75674e-08 0.249853 0.001998 0.000186525
ENSG00000128253.9 22 32600718 32600718 - 3645 -207637 rs2049948 22 32808355 32808355 443 369.855 1.08478 296.646 6.4483e-05 -0.23257 0.0519481 0.0577983
ENSG00000128276.6 22 32750872 32750872 + 3731 63839 rs2014356 22 32814711 32814711 443 356.92 1.04837 270.151 1.96236e-05 -0.485165 0.031968 0.0281304
ENSG00000205853.5 22 32767063 32767063 - 3738 -32305 rs139280842 22 32799368 32799368 443 355.568 0.978789 252.388 4.88696e-10 -0.392769 0.000999001 8.16565e-06
ENSG00000100220.7 22 32808242 32808242 - 3774 28318 rs7287726 22 32779924 32779924 443 373.424 1.05838 337.248 0.00190342 -0.122256 0.747253 0.752333
ENSG00000100225.13 22 32870663 32870663 + 3828 -44719 rs5754080 22 32825944 32825944 443 373.576 1.02462 315.402 0.00309697 0.125134 0.873127 0.871323
ENSG00000133424.14 22 34318829 34318829 - 4460 25313 rs5754752 22 34293516 34293516 443 374.657 1.04042 314.425 0.000135549 -0.19525 0.117882 0.119549
ENSG00000175329.7 22 35462129 35462129 + 4526 575947 rs1894469 22 36038076 36038076 443 374.646 1.02552 273.169 0.000770359 0.187785 0.416583 0.406343
ENSG00000100281.9 22 35653445 35653445 + 4613 870419 rs73163522 22 36523864 36523864 443 370.147 1.04876 291.923 0.00105275 -0.105675 0.53047 0.529936
ENSG00000100284.13 22 35695268 35695268 + 4668 898051 rs132711 22 36593319 36593319 443 349.955 1.08919 236.031 0.000178904 -0.227684 0.147852 0.154027
ENSG00000100292.12 22 35776354 35776354 + 4549 -549278 rs12160682 22 35227076 35227076 443 359.051 1.0306 267.793 0.00491675 -0.184423 0.952048 0.950154
ENSG00000100297.7 22 35796056 35796056 + 4418 508536 rs9607293 22 36304592 36304592 443 372.548 1.02309 280.747 0.00051805 0.221308 0.334665 0.325204
ENSG00000221963.4 22 36044442 36044442 + 4463 -589079 rs361664 22 35455363 35455363 443 357.071 1.08437 279.422 0.00012506 0.0972695 0.124875 0.121985
ENSG00000100320.16 22 36424473 36424473 - 4611 -61874 rs9610394 22 36486347 36486347 443 384.023 1.02763 424.126 0.000701077 -0.224368 0.493506 0.480445
ENSG00000128284.15 22 36562225 36562225 - 4427 -861261 rs3753145 22 37423486 37423486 443 381.969 1.006 390.723 0.000233068 -0.211567 0.206793 0.216776
ENSG00000100336.13 22 36600886 36600886 - 4412 -34 rs6000191 22 36600920 36600920 443 362.576 1.06386 329.918 1.0407e-21 0.597219 0.000999001 1.72611e-16
ENSG00000128335.9 22 36636000 36636000 - 4490 -739668 rs5756437 22 37375668 37375668 443 364.977 1.05391 339.142 0.000477576 0.181674 0.377622 0.377895
ENSG00000100342.15 22 36649056 36649056 + 4517 726612 rs5756437 22 37375668 37375668 443 378.767 1.006 392.597 0.00042509 0.214658 0.357642 0.35335
ENSG00000100345.14 22 36784063 36784063 - 4598 -73771 rs139988 22 36857834 36857835 443 361.127 1.03211 372.077 0.000135588 0.119096 0.176823 0.179362
ENSG00000100348.5 22 36878077 36878077 - 4574 244333 rs114913627 22 36633744 36633744 443 373.77 1.05476 417.607 0.00203602 0.357696 0.846154 0.84159
ENSG00000100350.10 22 36903148 36903148 - 4533 -618063 rs3218339 22 37521211 37521211 443 355.19 1.06833 327.834 0.000573123 -0.215205 0.464535 0.456486
ENSG00000100353.12 22 36925483 36925483 - 4558 379822 rs2032518 22 36545661 36545661 443 362.047 1.06444 384.081 0.000932013 0.169472 0.639361 0.628516
ENSG00000100360.10 22 37172300 37172300 - 4530 -198621 rs5750348 22 37370921 37370921 443 382.736 1.00702 467.125 0.000318424 0.205877 0.318681 0.315235
ENSG00000100365.10 22 37257030 37257030 + 4613 -4112 rs4821542 22 37252918 37252918 443 367.573 1.02512 379.798 1.6961e-09 0.42867 0.000999001 1.16239e-05
ENSG00000100368.8 22 37309670 37309670 + 4622 -45824 rs729749 22 37263846 37263846 443 384.564 0.995784 481.471 3.7928e-13 0.428909 0.000999001 6.90313e-09
ENSG00000128309.11 22 37415676 37415676 + 4606 78124 rs228899 22 37493800 37493800 443 355.395 1.1214 346.464 0.00107394 0.127523 0.656344 0.645313
ENSG00000128311.8 22 37415681 37415681 - 4606 47426 rs2858475 22 37368255 37368255 443 393 0.972529 497.725 0.00049593 0.169917 0.412587 0.416969
ENSG00000100379.13 22 37447779 37447779 + 4576 -118813 rs1534879 22 37328966 37328966 443 379.686 1.03213 423.05 0.00135628 0.160954 0.723277 0.709891
ENSG00000187045.12 22 37505603 37505603 - 4556 -400042 rs760721 22 37905645 37905645 443 364.361 0.991596 332.139 0.000581473 -0.17395 0.455544 0.456557
ENSG00000100385.8 22 37571094 37571094 - 4567 16255 rs229484 22 37554839 37554839 443 398.743 1.00079 514.777 2.09114e-08 0.25427 0.001998 5.39715e-05
ENSG00000133466.9 22 37595425 37595425 - 4515 -14994 rs9622574 22 37610419 37610419 443 370.688 1.0225 390.764 4.00774e-18 -0.466472 0.000999001 4.25368e-13
ENSG00000183473.5 22 37608362 37608362 - 4455 -3680 rs762921 22 37612042 37612042 443 366.492 1.06101 396.303 4.48429e-07 -0.20036 0.001998 0.00115927
ENSG00000128340.10 22 37640488 37640488 - 4365 -130670 rs2071857 22 37771158 37771158 443 372.656 1.01622 388.125 0.00107632 0.180541 0.658342 0.644647
ENSG00000100055.14 22 37678068 37678068 + 4331 2930 rs7288504 22 37680998 37680998 443 379.319 0.971139 409.902 0.000164568 -0.189434 0.193806 0.193098
ENSG00000100060.12 22 37882439 37882439 - 4229 -702697 rs151115090 22 38585136 38585136 443 395.315 0.97038 497.628 0.000603146 0.297344 0.43956 0.463079
ENSG00000100083.14 22 38004481 38004481 + 4021 -182080 rs133719 22 37822401 37822401 443 377.599 1.01351 363.886 0.000847823 0.202191 0.516484 0.522807
ENSG00000100092.14 22 38030661 38030661 + 3981 -284661 rs5756640 22 37746000 37746000 443 385.029 1.00307 409.82 0.00288464 -0.149229 0.894106 0.893989
ENSG00000241360.1 22 38054734 38054734 + 4009 -499688 rs5995389 22 37555046 37555046 443 392.276 0.984713 449.659 0.000431123 0.225307 0.340659 0.347812
ENSG00000100097.7 22 38071615 38071615 + 4006 18646 rs540516523 22 38090261 38090261 443 395.628 1.00054 465.718 0.000190794 -0.154418 0.180819 0.178492
ENSG00000256872.1 22 38077680 38077680 + 4027 -575779 rs932325 22 37501901 37501901 443 353.675 1.09353 305.79 0.00402792 -0.160969 0.945055 0.947891
ENSG00000100106.14 22 38093011 38093011 + 4014 -622407 rs2072860 22 37470604 37470604 443 383.039 0.969134 372.574 0.000947882 -0.199552 0.546454 0.560401
ENSG00000189060.3 22 38201114 38201114 + 3897 36450 rs2413487 22 38237564 38237564 443 382.693 0.960039 370.339 5.59417e-05 -0.219975 0.0829171 0.0733305
ENSG00000100116.11 22 38203912 38203912 + 3891 -116 rs6000899 22 38203796 38203796 443 376.604 1.03736 378.541 5.3516e-19 0.46807 0.000999001 2.6851e-14
ENSG00000100124.7 22 38240438 38240438 - 3896 -40595 rs35849614 22 38281033 38281033 443 382.704 1.01239 383.711 2.11272e-05 0.327846 0.026973 0.0278688
ENSG00000100129.11 22 38244875 38244875 + 3887 347940 rs71324895 22 38592815 38592815 443 410.792 0.946445 484.29 0.00102361 0.168354 0.552448 0.557552
ENSG00000100139.9 22 38301664 38301664 + 3984 -573410 rs739187 22 37728254 37728254 443 377.707 0.987192 334.052 0.00524729 -0.139838 0.972028 0.96558
ENSG00000100142.8 22 38348614 38348614 + 3908 -999687 rs8139712 22 37348927 37348927 443 402.496 0.941201 434.531 0.0002328 -0.18622 0.224775 0.201389
ENSG00000128346.6 22 38349676 38349676 - 3905 729926 rs2899284 22 37619750 37619750 443 384.272 1.00592 366.601 0.000773904 0.218113 0.473526 0.469493
ENSG00000100151.11 22 38452318 38452318 + 3889 -679449 rs4821654 22 37772869 37772869 443 360.889 1.06346 289.397 7.22579e-05 -0.251047 0.0779221 0.0788882
ENSG00000184381.11 22 38588107 38588107 - 3914 70024 rs2235344 22 38518083 38518083 443 345.834 1.05401 240.598 0.000625769 0.181996 0.437562 0.428486
ENSG00000185022.7 22 38597889 38597889 + 3940 -577 rs3041785 22 38597312 38597312 443 367.649 1.05574 308.873 1.43882e-06 -0.154872 0.002997 0.00248763
ENSG00000198792.7 22 38669040 38669040 - 3922 46442 rs2235187 22 38622598 38622598 443 390.816 0.986732 375.766 6.80959e-05 -0.178054 0.0799201 0.0694635
ENSG00000213923.5 22 38794527 38794527 - 3870 137842 rs135710 22 38656685 38656685 443 377.61 0.970794 276.133 0.000150635 -0.213463 0.125874 0.130242
ENSG00000100196.6 22 38864067 38864067 + 3809 27368 rs11705586 22 38891435 38891435 443 357.05 1.06237 244.524 0.000139951 -0.245751 0.121878 0.123311
ENSG00000100201.13 22 38903665 38903665 - 3836 275521 rs77718756 22 38628144 38628144 443 360.792 1.02246 238.003 0.000109697 -0.157772 0.103896 0.102296
ENSG00000100206.4 22 38966291 38966291 - 3771 878787 rs61373467 22 38087484 38087504 443 378.908 0.997359 312.866 0.00463879 0.130401 0.937063 0.938209
ENSG00000100211.6 22 39052641 39052641 + 3734 63750 rs55850024 22 39116391 39116392 443 360.002 1.05775 257.163 3.05385e-06 0.214182 0.00599401 0.00484653
ENSG00000100216.4 22 39077953 39077953 + 3726 558557 rs34350734 22 39636510 39636510 443 373.273 1.03282 305.72 0.00129659 -0.12248 0.631369 0.604804
ENSG00000100221.6 22 39097561 39097561 - 3704 218551 rs2071887 22 38879010 38879010 443 373.5 1.01008 272.848 0.000127929 -0.18232 0.116883 0.109498
ENSG00000100226.11 22 39101728 39101728 + 3697 848621 rs4438587 22 39950349 39950349 443 375.988 1.06338 322.387 0.00309827 0.134635 0.863137 0.861906
ENSG00000100242.11 22 39190148 39190148 - 3568 996228 rs2413485 22 38193920 38193920 443 375.047 0.991162 281.468 0.00180925 -0.164713 0.695305 0.688903
ENSG00000100246.7 22 39190203 39190203 - 3568 -426259 rs375250233 22 39616462 39616462 443 365.107 1.04812 264.984 0.00103864 0.318596 0.523477 0.515303
ENSG00000183741.7 22 39268319 39268319 - 3490 -178098 rs36077579 22 39446417 39446417 443 361.96 1.08357 253.84 0.00178817 -0.114985 0.68032 0.669891
ENSG00000128383.8 22 39348746 39348746 + 3482 36007 rs1807558 22 39384753 39384753 443 369.066 1.07005 272.616 0.000812864 -0.157349 0.434565 0.42442
ENSG00000179750.11 22 39378352 39378352 + 3472 27074 rs56408977 22 39405426 39405432 443 361.225 1.08865 273.136 5.50669e-08 0.265605 0.000999001 0.000116863
ENSG00000244509.2 22 39410088 39410088 + 3506 103442 rs139358 22 39513530 39513530 443 378.378 0.973316 281.179 0.000112264 -0.17525 0.113886 0.103018
ENSG00000243811.2 22 39410368 39410368 + 3506 10233 rs34074269 22 39420601 39420601 443 357.677 1.09261 258.213 3.59249e-06 -0.214193 0.004995 0.00495904
ENSG00000128394.12 22 39436609 39436609 + 3519 12102 rs6001402 22 39448711 39448711 443 393.552 0.972398 335.363 0.00113382 -0.149942 0.525475 0.52853
ENSG00000239713.3 22 39436924 39436924 + 3519 70730 rs139342 22 39507654 39507654 443 374.895 0.995088 280.31 8.0919e-05 -0.150697 0.0999001 0.0787582
ENSG00000100298.11 22 39493229 39493229 + 3474 68250 rs5995689 22 39561479 39561479 443 383.753 1.02567 314.539 0.000992612 -0.167844 0.491508 0.484611
ENSG00000100307.8 22 39548679 39548679 - 3434 405343 rs371350765 22 39143336 39143336 443 355.601 1.03266 236.858 0.00372159 -0.16018 0.887113 0.886108
ENSG00000100311.12 22 39640756 39640756 - 3404 -22394 rs34698021 22 39663150 39663151 443 353.784 1.02778 206.45 2.78649e-09 -0.425116 0.000999001 1.65365e-05
ENSG00000100316.11 22 39716394 39716394 - 3353 488519 rs28492938 22 39227875 39227875 443 278.065 0.92797 87.9009 0.000511857 -0.169404 0.452547 0.443188
ENSG00000100321.10 22 39745930 39745930 + 3367 1741 rs909685 22 39747671 39747671 443 372.354 1.00529 246.514 4.53283e-76 0.949937 0.000999001 3.73062e-62
ENSG00000100324.8 22 39795746 39795746 + 3307 -951494 rs564030318 22 38844251 38844252 443 370.223 1.02901 241.661 0.0034346 0.326827 0.824176 0.829817
ENSG00000128268.11 22 39853349 39853349 + 3231 -1379 rs1557541 22 39851970 39851970 443 372.159 1.03204 236.653 1.93217e-05 0.175961 0.013986 0.0184019
ENSG00000100335.8 22 39895437 39895437 + 3210 334157 rs73163076 22 40229594 40229594 443 350.128 1.10752 206.086 0.00171869 0.212823 0.627373 0.623362
ENSG00000128272.10 22 39915700 39915700 + 3203 17568 rs71326775 22 39933268 39933269 443 373.522 1.01078 247.669 0.000144087 0.175672 0.110889 0.109723
ENSG00000187051.4 22 39928860 39928860 - 3204 368194 rs139426 22 39560666 39560666 443 359.851 1.03694 211.303 0.00100268 0.124011 0.463536 0.455581
ENSG00000100351.11 22 40297086 40297086 + 2917 -413742 rs4821902 22 39883344 39883344 443 361.43 1.06659 204.363 0.000822016 0.238752 0.388611 0.370819
ENSG00000100354.14 22 40440821 40440821 + 2745 -918156 rs139375 22 39522665 39522665 443 380.227 1.01051 216.132 0.000386282 0.148364 0.1998 0.192004
ENSG00000239900.4 22 40742507 40742507 + 2375 -655118 rs5757773 22 40087389 40087389 443 356.477 1.04795 144.306 0.00174828 0.11948 0.508492 0.491799
ENSG00000100359.14 22 40766595 40766595 + 2339 -884445 rs34708754 22 39882149 39882150 443 358.348 1.03728 141.324 0.00119702 0.219089 0.375624 0.379364
ENSG00000196588.8 22 41032706 41032706 - 2286 672829 rs141791242 22 40359877 40359877 443 352.085 1.03707 103.46 0.00990194 -0.126759 0.884116 0.887703
ENSG00000100372.10 22 41215403 41215403 - 2458 74770 rs565224784 22 41140633 41140633 443 361.571 0.975626 102.884 0.000316697 -0.462836 0.124875 0.118086
ENSG00000100380.7 22 41253026 41253026 - 2501 -318250 rs35497681 22 41571276 41571276 443 348.397 1.06843 100.775 0.0020666 -0.101264 0.455544 0.438715
ENSG00000196236.6 22 41253081 41253081 + 2502 -35005 rs373556047 22 41218075 41218076 443 341.659 1.09536 98.8087 0.00661261 -0.129748 0.8002 0.791294
ENSG00000172404.4 22 41258130 41258130 - 2506 1328 rs103197 22 41256802 41256802 443 350.431 1.04291 106.382 7.38126e-59 0.778602 0.000999001 8.48323e-47
ENSG00000100387.8 22 41347351 41347351 + 2561 832311 rs11090059 22 42179662 42179662 443 333.483 1.00171 86.0641 0.00495418 -0.150588 0.725275 0.721895
ENSG00000100393.9 22 41487790 41487790 + 2669 168226 rs546714507 22 41656016 41656016 443 346.321 1.01395 96.7067 0.00466371 0.0584341 0.695305 0.694698
ENSG00000231993.1 22 41593460 41593460 - 2774 625524 rs557782525 22 40967925 40967936 443 333.991 1.06544 90.257 0.00104744 0.19683 0.324675 0.300666
ENSG00000100395.10 22 41601209 41601209 + 2775 149413 rs9611560 22 41750622 41750622 443 358.423 1.00455 106.766 0.00355356 -0.184174 0.609391 0.606418
ENSG00000100403.10 22 41697526 41697526 + 2765 -72765 rs139478 22 41624761 41624761 443 352.843 1.07427 112.234 0.000149286 -0.124649 0.0609391 0.0617642
ENSG00000100401.14 22 41698963 41698963 - 2768 21749 rs139533 22 41677214 41677214 443 370.742 1.03055 120.51 0.000534565 -0.15145 0.157842 0.158456
ENSG00000167074.9 22 41763337 41763337 + 2837 14221 rs9607799 22 41777558 41777558 443 337.225 1.02275 92.7481 3.25608e-23 0.552529 0.000999001 1.98201e-16
ENSG00000183864.4 22 41843027 41843027 - 2989 -703825 rs59390354 22 42546852 42546852 443 351.761 1.02348 122.594 0.00201259 0.184484 0.508492 0.506513
ENSG00000100410.3 22 41864729 41864729 - 3012 -908747 rs368539495 22 42773476 42773482 443 337.809 1.00784 100.162 0.00410562 -0.116017 0.711289 0.705214
ENSG00000100412.10 22 41865117 41865117 + 3014 625764 rs533212165 22 42490881 42490881 443 340.059 1.0768 113.523 0.00392373 0.195396 0.723277 0.703787
ENSG00000100413.12 22 41940610 41940610 - 3147 173475 rs4820438 22 41767135 41767135 443 366.6 1.04813 160.587 5.25545e-13 -0.356997 0.000999001 3.32211e-09
ENSG00000172346.9 22 41956767 41956767 + 3163 95452 rs369518390 22 42052219 42052219 443 352.561 1.05865 140.576 0.000232928 0.140123 0.116883 0.116888
ENSG00000100417.7 22 41985894 41985894 - 3227 -90747 rs5758406 22 42076641 42076641 443 373.922 0.978436 164.606 1.79932e-22 0.450127 0.000999001 1.22002e-16
ENSG00000100418.7 22 42017100 42017100 - 3250 41898 rs13340068 22 41975202 41975202 443 358.726 0.994121 146.906 0.000776616 0.21749 0.323676 0.309834
ENSG00000196419.7 22 42017123 42017123 + 3250 -330889 rs567276827 22 41686233 41686234 443 362.306 0.985703 149.2 0.000884179 -0.128427 0.325674 0.332938
ENSG00000184208.10 22 42084943 42084943 + 3370 -23304 rs34077262 22 42061639 42061639 443 341.984 1.01969 133.706 1.00333e-07 0.255019 0.000999001 0.000327591
ENSG00000100138.9 22 42086508 42086508 - 3376 679589 rs5758179 22 41406919 41406919 443 372.808 1.00898 172.876 0.0112637 -0.154027 0.971029 0.969484
ENSG00000167077.7 22 42095503 42095503 + 3397 -240045 rs202638 22 41855458 41855458 443 350.225 1.02276 146.427 1.71637e-12 -0.287507 0.000999001 3.51327e-08
ENSG00000100147.8 22 42196683 42196683 + 3686 -75819 rs62239561 22 42120864 42120864 443 364.177 0.997652 184.868 1.8015e-16 -0.357925 0.000999001 1.63106e-11
ENSG00000198911.6 22 42229109 42229109 + 3705 866819 rs910301 22 43095928 43095928 443 359.645 1.01121 191.483 0.000849758 0.101754 0.400599 0.393105
ENSG00000184068.2 22 42230669 42230669 - 3706 41778 rs12168543 22 42188891 42188891 443 340.34 1.082 145.141 0.000609839 0.127994 0.268731 0.284626
ENSG00000234965.1 22 42310570 42310570 - 3865 917209 rs567918223 22 41393360 41393361 443 361.679 1.0248 176.969 0.000546318 -0.180977 0.268731 0.260651
ENSG00000260655.1 22 42319104 42319104 - 3886 -2487 rs5996087 22 42321591 42321591 443 354.465 1.02473 169.794 6.61519e-06 0.185072 0.004995 0.00831761
ENSG00000159958.3 22 42322822 42322822 - 3899 32645 rs12157312 22 42290177 42290177 443 343.963 1.03131 154.666 1.60399e-05 0.177096 0.015984 0.0193357
ENSG00000100162.10 22 42343168 42343168 - 3937 -624769 rs151177117 22 42967937 42967944 443 338.674 1.08022 156.065 0.000957389 -0.102182 0.42957 0.417075
ENSG00000100167.15 22 42372276 42372276 + 3991 -922446 rs71200649 22 41449830 41449830 443 346.126 1.08972 166.525 0.000584344 0.197073 0.313686 0.286257
ENSG00000183066.10 22 42394729 42394729 + 4012 15248 rs9611710 22 42409977 42409977 443 366.351 0.997149 194.625 6.32161e-08 -0.328547 0.001998 0.000174009
ENSG00000198951.6 22 42466846 42466846 - 4017 49859 rs133339 22 42416987 42416987 443 367.66 0.998163 201.069 7.02635e-08 0.223708 0.000999001 0.000185974
ENSG00000177096.4 22 42470255 42470255 + 4025 323975 rs2076089 22 42794230 42794230 443 348.105 0.990167 161.074 0.000757011 -0.217049 0.368631 0.37173
ENSG00000183172.6 22 42475695 42475695 + 4036 -11881 rs133369 22 42463814 42463814 443 343.563 1.09415 166.177 1.72266e-24 0.557264 0.000999001 1.09358e-18
ENSG00000184983.4 22 42486959 42486959 - 4055 66151 rs133345 22 42420807 42420808 443 355.482 1.00359 178.641 4.3602e-07 -0.268337 0.002997 0.00104871
ENSG00000100197.15 22 42540472 42540472 - 4115 -43827 rs570749952 22 42584299 42584299 443 359.083 1.05647 204.948 2.49374e-07 -0.346397 0.000999001 0.000454624
ENSG00000182057.4 22 42665759 42665759 + 4210 -203841 rs2854827 22 42461918 42461918 443 348.095 1.12673 217.34 3.76994e-05 -0.248687 0.031968 0.0358992
ENSG00000233903.1 22 42672361 42672361 + 4216 -311267 rs77337287 22 42361094 42361094 443 326.756 1.08957 161.002 0.000293871 0.21187 0.230769 0.223888
ENSG00000100207.14 22 42739622 42739622 - 4250 108475 rs34834610 22 42631147 42631147 443 367.584 0.996688 253.967 0.000390036 -0.078782 0.281718 0.271076
ENSG00000235568.2 22 42828401 42828401 - 4263 -115080 rs136980 22 42943481 42943481 443 361.192 1.00462 241.172 0.000126263 -0.175258 0.114885 0.120286
ENSG00000230107.1 22 42834029 42834029 + 4270 2308 rs1016110 22 42836337 42836337 443 359.851 1.08562 264.541 6.87826e-07 0.300938 0.002997 0.0011479
ENSG00000189306.6 22 42915808 42915808 - 4369 -2005 rs6002781 22 42917813 42917813 443 344.547 1.0348 221.467 1.1402e-09 -0.487267 0.000999001 1.18285e-05
ENSG00000183569.12 22 42949623 42949623 + 4377 -47835 rs137014 22 42901788 42901788 443 360.878 0.995083 263.728 1.02538e-14 0.339706 0.000999001 8.56165e-10
ENSG00000100227.12 22 43010968 43010968 - 4424 -809318 rs135085 22 43820286 43820286 443 351.069 1.069 241.77 0.00233904 -0.222912 0.786214 0.785312
ENSG00000249222.1 22 43036607 43036607 - 4453 -598600 rs762957 22 43635207 43635207 443 356.195 1.04205 264.598 0.00805695 0.0946597 0.986014 0.989764
ENSG00000100243.15 22 43045574 43045574 - 4456 3737 rs6002851 22 43041837 43041837 443 347.424 1.05686 250.848 8.83965e-12 0.398292 0.000999001 1.60221e-07
ENSG00000128274.10 22 43117304 43117304 - 4475 -10127 rs738528 22 43127431 43127431 443 365.562 0.98101 276.86 1.49686e-13 -0.32193 0.000999001 7.79792e-09
ENSG00000242247.5 22 43267429 43267429 - 4486 329272 rs11090109 22 42938157 42938157 443 367.66 1.03216 285.937 0.00106598 0.270559 0.56044 0.545949
ENSG00000100266.11 22 43411151 43411151 - 4651 80245 rs547672468 22 43330905 43330906 443 358.51 1.11855 329.694 6.35171e-17 0.458145 0.000999001 9.24151e-13
ENSG00000100271.11 22 43485434 43485434 - 4695 -412881 rs28485670 22 43898315 43898315 443 358.791 1.0996 337.402 0.00107532 -0.148094 0.628372 0.626489
ENSG00000100290.2 22 43506754 43506754 + 4697 5835 rs12019221 22 43512589 43512589 443 357.147 1.04351 315.213 6.36311e-20 -0.506943 0.000999001 1.93276e-14
ENSG00000100294.7 22 43539400 43539400 - 4681 7884 rs377331273 22 43531515 43531516 443 347.532 1.05642 296.159 4.59983e-06 0.160502 0.012987 0.0111861
ENSG00000100300.12 22 43547520 43547520 + 4679 13243 rs47341 22 43560763 43560763 443 359.051 1.01025 310.401 1.54919e-16 -0.270795 0.000999001 2.64721e-11
ENSG00000100304.10 22 43583139 43583139 - 4746 -459 rs9612021 22 43583598 43583598 443 360.727 1.02807 371.238 2.46242e-19 -0.255811 0.000999001 8.03797e-14
ENSG00000100344.6 22 44319619 44319619 + 5407 897459 rs79303608 22 45217078 45217078 443 368.828 1.07321 540.775 0.00101514 0.288065 0.752248 0.746061
ENSG00000100347.10 22 44351301 44351301 + 5415 350913 rs12162866 22 44702214 44702214 443 383.385 1.02075 609.508 0.00011666 0.233117 0.180819 0.178524
ENSG00000188677.9 22 44395091 44395091 + 5366 174112 rs8137383 22 44569203 44569203 443 380.627 0.986586 594.315 6.66088e-06 -0.195724 0.017982 0.0186554
ENSG00000138964.10 22 44568836 44568836 + 5509 578 rs7292425 22 44569414 44569414 443 391.886 1.01724 723.608 0.000106073 -0.25225 0.168831 0.169314
ENSG00000188636.3 22 44894178 44894178 - 5715 -134 rs376451273 22 44894312 44894313 443 379.989 1.04875 609.339 1.25358e-06 0.266086 0.002997 0.00327339
ENSG00000186654.15 22 45064593 45064593 + 5797 378777 rs6007428 22 45443370 45443370 443 357.569 1.12593 508.098 5.06523e-05 0.426544 0.0739261 0.0946151
ENSG00000226328.1 22 45559662 45559662 - 5441 6203 rs13054435 22 45553459 45553459 443 399.089 0.956366 701.901 1.72277e-08 -0.30051 0.001998 9.5555e-05
ENSG00000093000.13 22 45559722 45559722 + 5440 -861980 rs6519834 22 44697742 44697742 443 357.45 1.08104 462.305 0.000982654 0.15285 0.736264 0.732089
ENSG00000100364.13 22 45636650 45636650 - 5249 -6257 rs6006956 22 45642907 45642907 443 386.673 0.977725 608.68 3.02569e-15 0.43806 0.000999001 1.74144e-10
ENSG00000100376.7 22 45704849 45704849 + 5223 26690 rs738177 22 45731539 45731539 443 368.503 1.02142 481.267 1.12669e-63 -1.20693 0.000999001 1.19048e-51
ENSG00000077935.12 22 45809500 45809500 - 5065 -124 rs2272804 22 45809624 45809624 443 384.229 1.00575 572.736 2.48062e-24 -0.525061 0.000999001 1.16692e-18
ENSG00000128408.7 22 45809572 45809572 + 5064 52 rs2272804 22 45809624 45809624 443 385.981 1.06705 565.211 1.44875e-30 -0.5829 0.000999001 1.1439e-25
ENSG00000130638.10 22 46067678 46067678 + 5084 -829446 rs136676 22 45238232 45238232 443 366.632 1.03315 442.692 0.000380298 -0.177953 0.395604 0.403523
ENSG00000186951.11 22 46546424 46546424 + 4737 689016 rs6008984 22 47235440 47235440 443 365.356 1.03037 369.505 0.00392621 -0.150233 0.952048 0.959836
ENSG00000205643.6 22 46646576 46646576 - 4777 805855 rs4823297 22 45840721 45840721 443 383.083 0.977221 450.403 0.000492223 0.184662 0.415584 0.427286
ENSG00000075234.12 22 46663858 46663858 + 4719 23362 rs73886792 22 46687220 46687220 443 365.767 1.0134 378.293 1.32967e-18 0.714852 0.000999001 3.24809e-13
ENSG00000075218.13 22 46692638 46692638 + 4665 294338 rs5769000 22 46986976 46986976 443 352.194 1.06829 317.521 0.00115514 0.252463 0.674326 0.671648
ENSG00000100416.8 22 46726772 46726772 + 4679 472861 rs5767367 22 47199633 47199633 443 353.102 1.02629 315.033 0.000869802 -0.200231 0.597403 0.594925
ENSG00000075275.12 22 46933067 46933067 - 4606 23181 rs6008886 22 46909886 46909886 443 366.102 1.00752 358.427 8.74144e-05 0.215836 0.123876 0.1196
ENSG00000075240.12 22 46971909 46971909 + 4591 -189803 rs9615977 22 46782106 46782106 443 367.465 1.02362 340.761 0.000257787 -0.280934 0.244755 0.247688
ENSG00000100422.9 22 47134158 47134158 - 4708 -689603 rs7287901 22 47823761 47823761 443 357.039 0.996657 333.417 1.88932e-05 0.187163 0.037962 0.0407348
ENSG00000054611.9 22 47158518 47158518 + 4716 162305 rs742240 22 47320823 47320823 443 367.606 1.00371 369.979 0.00564502 0.155587 0.986014 0.987063
ENSG00000188511.8 22 50051190 50051190 - 6373 -12337 rs13053272 22 50063527 50063527 443 382.78 1.028 698.568 0.000618733 -0.421292 0.631369 0.628603
ENSG00000100425.13 22 50221160 50221160 - 5706 -662801 rs756014 22 50883961 50883961 443 368.59 1.04986 547.903 0.0024827 0.181069 0.949051 0.954291
ENSG00000100426.5 22 50247490 50247490 + 5594 467259 rs527619491 22 50714749 50714749 443 379.189 1.07297 614.331 0.000582579 0.152396 0.554446 0.560456
ENSG00000184164.10 22 50311815 50311815 + 5333 6691 rs113800028 22 50318506 50318506 443 392.6 0.964389 655.465 6.08697e-13 -0.38712 0.000999001 1.59347e-08
ENSG00000182858.7 22 50312106 50312106 - 5331 -340912 rs13058530 22 50653018 50653018 443 364.523 1.10841 518.084 6.21371e-05 -0.308702 0.0999001 0.104292
ENSG00000198355.4 22 50354161 50354161 + 5053 354433 rs34355047 22 50708594 50708594 443 366.654 1.05958 482.125 0.00429159 0.077557 0.988012 0.987861
ENSG00000100427.11 22 50524331 50524331 - 4401 -29933 rs731857 22 50554264 50554264 443 385.018 1.05768 534.419 6.12442e-09 -0.352199 0.000999001 1.71806e-05
ENSG00000073150.8 22 50609160 50609160 + 3997 541611 rs5770821 22 51150771 51150771 443 373.111 1.08934 410.48 0.000558412 -0.113104 0.432567 0.426548
ENSG00000170638.5 22 50624344 50624344 + 3946 2447 rs5771215 22 50626791 50626791 443 370.656 1.04819 400.564 2.00638e-06 0.120428 0.002997 0.00420297
ENSG00000073169.9 22 50639408 50639408 + 3921 -3781 rs5771095 22 50635627 50635627 443 393.346 0.981234 488.075 4.65654e-11 0.207369 0.000999001 3.65821e-07
ENSG00000128159.7 22 50683421 50683421 - 3762 981404 rs5769554 22 49702017 49702017 443 362.717 1.04444 322.276 0.00370113 0.122321 0.938062 0.933705
ENSG00000100429.13 22 50689834 50689834 - 3706 620295 rs5770637 22 50069539 50069539 443 376.323 1.04317 402.83 0.0012554 -0.165902 0.676324 0.678839
ENSG00000188130.8 22 50700254 50700254 - 3659 923 rs3817818 22 50699331 50699331 443 363.063 1.00703 323.534 2.58018e-06 -0.244739 0.00799201 0.00646294
ENSG00000185386.10 22 50709196 50709196 - 3616 850273 rs5845894 22 49858923 49858923 443 371.499 1.06018 361.895 0.000150534 -0.206673 0.163836 0.150556
ENSG00000196576.9 22 50746056 50746056 - 3497 943947 rs7286586 22 49802109 49802109 443 372.732 1.01164 324.375 0.00244829 -0.138835 0.817183 0.827477
ENSG00000205593.5 22 50765489 50765489 - 3427 12155 rs73439311 22 50753334 50753334 443 367.292 1.05519 312.772 8.62385e-13 -0.360608 0.000999001 8.67433e-09
ENSG00000100239.10 22 50781733 50781733 + 3369 -859394 rs200822268 22 49922339 49922339 443 363.972 1.06933 296.422 0.000683234 -0.186914 0.432567 0.427916
ENSG00000100241.14 22 50913464 50913464 - 2874 421751 rs137916 22 50491713 50491713 443 347.186 1.06264 194.273 0.0035391 -0.180148 0.845155 0.838473
ENSG00000128165.7 22 50919985 50919985 + 2842 -52523 rs34500818 22 50867461 50867462 443 356.13 1.01571 201.38 9.09062e-05 0.22327 0.0879121 0.0829636
ENSG00000100258.12 22 50946135 50946135 - 2775 -28474 rs200776357 22 50974609 50974609 443 357.342 1.05929 200.693 0.00131918 -0.157403 0.524476 0.518124
ENSG00000025770.13 22 50946645 50946645 + 2773 37954 rs7288373 22 50984599 50984599 443 369.174 1.05896 251.236 4.48687e-05 0.262059 0.034965 0.0390514
ENSG00000130489.8 22 50964868 50964868 - 2714 643122 rs11442399 22 50321746 50321746 443 368.547 0.979762 224.233 0.0011328 0.215432 0.492507 0.498854
ENSG00000025708.8 22 50968485 50968485 - 2712 -10035 rs131787 22 50978520 50978520 443 377.448 1.02125 254.905 7.68185e-05 0.122476 0.0579421 0.0605989
ENSG00000177989.8 22 50971009 50971009 - 2708 20933 rs131821 22 50950076 50950076 443 366.859 0.996932 222.94 0.000461385 -0.20096 0.276723 0.275998
ENSG00000130487.4 22 50986462 50986462 + 2696 1731 rs131779 22 50988193 50988193 443 368.438 1.04699 235.171 4.65729e-06 0.219198 0.00599401 0.0053932
ENSG00000217442.3 22 51001334 51001334 - 2674 16735 rs7288373 22 50984599 50984599 443 353.535 1.07059 198.688 1.44968e-15 0.605856 0.000999001 4.03043e-11
ENSG00000205560.8 22 51017899 51017899 - 2647 181923 rs58118879 22 50835976 50835976 443 364.091 1.0118 209.046 0.00074804 -0.193134 0.376623 0.368951
ENSG00000254413.4 22 51021394 51021394 - 2639 -16975 rs715519 22 51038369 51038369 443 361.095 0.97176 193.416 0.000453967 -0.266879 0.284715 0.27168
ENSG00000100288.15 22 51039884 51039884 - 2606 17022 rs131753 22 51022862 51022862 443 352.561 1.12778 220.461 0.000538048 0.199693 0.313686 0.301766
ENSG00000100299.12 22 51066607 51066607 - 2548 3775 rs8142033 22 51062832 51062832 443 377.675 0.952949 259.857 5.97293e-19 -0.432013 0.000999001 2.45982e-13
ENSG00000079974.13 22 51222091 51222091 - 2312 5412 rs117212972 22 51216679 51216679 443 354.93 1.03997 175.556 0.000352285 0.167921 0.217782 0.199876
